-2.29230608060964
-1.72457512288054
-1.21572757801298
-0.878730757497743
-0.359974824178762
-0.0702937156463729
-0.197192542037972
-0.587928757081596
-0.49405110914413
0.0300609744429106
-0.413536289634372
-0.903404022800748
-1.76631717951203
-2.13980979778222
-1.90192812916161
-1.45075036645939
-1.17731751918486
-0.932023337711805
0.423147231522355
-0.438808092061796
-0.0474101135107612
-0.347563107358498
-0.0394124279351353
-0.348803365841377
-0.338506358112289
-0.664617299871345
-1.55053984691925
-0.719225737346845
-1.21334854918363
0.0381867581398162
-0.696763316459583
-0.890106325658961
-0.81075874059199
-0.594592100588299
-0.621734990192938
-1.02192061289846
-0.85626567423301
-0.432797940429048
0.113550038050226
-0.042846842969188
-0.242158004955238
-0.854386320972273
-0.50939053236848
-0.717093834226726
-0.591281816358126
-1.35077111114707
-0.872568632699362
-0.781967369019124
-0.375404578243178
-1.15247603186363
-1.27680832964352
-0.96795553827886
0.108641608185396
-0.349577746817327
-0.64595290285497
-1.13192332289554
-0.910217247447084
-0.210236476832093
-0.917756532295781
-0.889792116466226
-1.38991021136489
-0.550289240947141
-0.612145249483274
-1.15600100258891
-0.677469354035746
0.281029952136307
-0.00787150309877287
-0.269004494401696
-0.754208542402674
-0.946412860841958
-0.547968814901895
-0.57912863427751
-0.930304088006981
-0.628558980852214
-0.459647683376625
-1.07536445082101
-0.808436497455622
-1.25226987494184
-0.463641188559715
-0.268900737073028
-0.0431159764080277
-0.630485466896566
-0.0842209787387308
-0.217147540222731
0.13444309415829
-1.03668135292057
-0.676061626001885
-1.05107479682951
-1.24458569266042
-0.968627689260447
-0.102905562269176
-0.416697305216933
-0.890798629201447
-0.747266295691872
-0.210802409188699
-0.947959863486304
-0.103373525542487
0.338508042283546
-0.0424225981642189
-0.316085278403984
-0.0972556493610843
-0.558352113719683
-0.872403874610743
-0.134777174179548
-0.27348887853728
0.136217644688782
-0.850594080440774
-0.375505663882768
0.614682304112952
0.429667275466786
0.197313862922114
0.613087720561031
1.41571725445296
0.429521335813674
0.456650981505905
0.0823971901718127
-0.526022836210674
-0.138505924395109
0.357954970061907
-0.0294508646933221
-0.68257412843654
-0.595140797194288
-0.268294018202539
0.658226815242797
0.329701649251982
-0.377891362811806
1.36508383057888
1.25974974738245
0.790716662882945
0.90820853197132
0.390113625072483
0.945974899711428
0.270519526534469
-0.783062370861512
-0.927151323977682
-0.6495944983893
-0.671170975151765
0.39901946620459
0.920616772921743
0.473000551290175
1.70769909488988
1.82237526033509
2.06608401623656
1.36797875190588
0.7885164600978
0.833273729804702
0.340367523047781
-1.07631911037489
-0.394891268175307
-0.374086406169064
0.00312136704440453
0.769428980843919
0.0424861536218266
-0.119456096462559
1.89594074131795
1.78015384229301
1.31204636840287
1.50553371773078
0.283604648856183
0.491102047064539
0.237084624666218
0.0335427967019771
-0.123620187720793
0.683753820450815
1.70777741552078
1.1908947063109
0.832864276119709
-0.00840750226683894
1.99485695805154
1.40739405577052
1.27420446358773
1.60650346132026
1.02553114602582
0.985948812059417
1.28511299462304
0.935997889500503
0.797705930305465
1.30723607783889
1.31247014144578
0.571303314923198
0.689947432742725
1.21475279735455
3.03458892160476
2.25559361105562
1.38214252247762
1.73476744769089
2.6249140175212
1.6589469306734
2.64340133805445
1.94344583602421
1.21056166556299
1.7661900460836
1.73514919554045
0.885331728581774
1.45426969643096
1.59986102580816
