-1.60833289274253
-1.60833289274253
-1.60833289274253
-1.60833289274253
-1.60833289274253
-1.60833289274253
-1.60833289274253
-1.60833289274253
-1.60833289274253
-1.60833289274253
-1.60833289274253
-1.60833289274253
-1.60833289274253
-1.60833289274253
-1.36089706308983
-1.36089706308983
-1.36089706308983
-1.36089706308983
-1.36089706308983
-1.36089706308983
-1.36089706308983
-1.36089706308983
-1.36089706308983
-1.36089706308983
-1.36089706308983
-1.36089706308983
-1.36089706308983
-1.36089706308983
-1.11346123343714
-1.11346123343714
-1.11346123343714
-1.11346123343714
-1.11346123343714
-1.11346123343714
-1.11346123343714
-1.11346123343714
-1.11346123343714
-1.11346123343714
-1.11346123343714
-1.11346123343714
-1.11346123343714
-1.11346123343714
-0.866025403784439
-0.866025403784439
-0.866025403784439
-0.866025403784439
-0.866025403784439
-0.866025403784439
-0.866025403784439
-0.866025403784439
-0.866025403784439
-0.866025403784439
-0.866025403784439
-0.866025403784439
-0.866025403784439
-0.866025403784439
-0.618589574131742
-0.618589574131742
-0.618589574131742
-0.618589574131742
-0.618589574131742
-0.618589574131742
-0.618589574131742
-0.618589574131742
-0.618589574131742
-0.618589574131742
-0.618589574131742
-0.618589574131742
-0.618589574131742
-0.618589574131742
-0.371153744479045
-0.371153744479045
-0.371153744479045
-0.371153744479045
-0.371153744479045
-0.371153744479045
-0.371153744479045
-0.371153744479045
-0.371153744479045
-0.371153744479045
-0.371153744479045
-0.371153744479045
-0.371153744479045
-0.371153744479045
-0.123717914826348
-0.123717914826348
-0.123717914826348
-0.123717914826348
-0.123717914826348
-0.123717914826348
-0.123717914826348
-0.123717914826348
-0.123717914826348
-0.123717914826348
-0.123717914826348
-0.123717914826348
-0.123717914826348
-0.123717914826348
0.123717914826348
0.123717914826348
0.123717914826348
0.123717914826348
0.123717914826348
0.123717914826348
0.123717914826348
0.123717914826348
0.123717914826348
0.123717914826348
0.123717914826348
0.123717914826348
0.123717914826348
0.123717914826348
0.371153744479045
0.371153744479045
0.371153744479045
0.371153744479045
0.371153744479045
0.371153744479045
0.371153744479045
0.371153744479045
0.371153744479045
0.371153744479045
0.371153744479045
0.371153744479045
0.371153744479045
0.371153744479045
0.618589574131742
0.618589574131742
0.618589574131742
0.618589574131742
0.618589574131742
0.618589574131742
0.618589574131742
0.618589574131742
0.618589574131742
0.618589574131742
0.618589574131742
0.618589574131742
0.618589574131742
0.618589574131742
0.866025403784439
0.866025403784439
0.866025403784439
0.866025403784439
0.866025403784439
0.866025403784439
0.866025403784439
0.866025403784439
0.866025403784439
0.866025403784439
0.866025403784439
0.866025403784439
0.866025403784439
0.866025403784439
1.11346123343714
1.11346123343714
1.11346123343714
1.11346123343714
1.11346123343714
1.11346123343714
1.11346123343714
1.11346123343714
1.11346123343714
1.11346123343714
1.11346123343714
1.11346123343714
1.11346123343714
1.11346123343714
1.36089706308983
1.36089706308983
1.36089706308983
1.36089706308983
1.36089706308983
1.36089706308983
1.36089706308983
1.36089706308983
1.36089706308983
1.36089706308983
1.36089706308983
1.36089706308983
1.36089706308983
1.36089706308983
1.60833289274253
1.60833289274253
1.60833289274253
1.60833289274253
1.60833289274253
1.60833289274253
1.60833289274253
1.60833289274253
1.60833289274253
1.60833289274253
1.60833289274253
1.60833289274253
1.60833289274253
1.60833289274253
