0.362771847146059
-0.422393302955216
-0.101981055846584
0.0277027914949346
0.119518289301866
-0.614008685799028
-0.153570956246032
0.351162591625042
0.185645703800326
-0.209728169091165
-0.393114362073838
0.487379518614119
1.20202875572631
1.21571750985182
0.758831739519898
1.54900317916612
0.863405235938073
0.744212696395578
0.0478635335644916
-0.633893644559136
0.373234419922282
0.387833740570501
0.280258386094636
0.0815402536748293
-0.339605098639034
0.0997580075696667
1.7349586162906
1.65743120491839
2.06917674232847
1.33471700797474
0.566576557117871
0.439159451914013
-0.405878763983664
-0.56175533796967
-0.98687785239659
-1.23549923145789
-0.624832153859523
-0.20171550089582
-0.183387396832245
0.00108595094701831
0.946049724834504
1.23028777492072
1.19878185043787
0.548165053818156
-0.379445037333297
-0.886584743517992
-0.975779568906271
-0.1716101839941
-2.48777760490061
-2.20942251043026
-2.54643267394749
-0.662870819065818
-0.750403808940368
0.391713357992813
0.236934907501138
1.48836284709705
0.792854037879455
0.556346092693921
-0.847398905480186
-1.78449477609756
-0.304170069094353
-1.82469759190616
-1.43880037214791
-2.00182032566495
-2.3414373810723
-1.24547964571876
0.440234030727815
0.202885432997524
-0.260784599677916
0.00914505897079024
-0.0972196439370551
-0.458071553248466
-0.506324708085597
-0.218668487397458
-0.378143175058194
-0.409628203025565
-1.74493157209504
-1.70379184498902
-1.9691548254898
-1.06195722941655
-1.52204269148763
-0.611235566673359
-2.01087615335608
-1.40779594838832
0.264020103108463
0.00939007468067203
0.222359317836482
-0.539823583000017
-0.157355174285063
0.394555597549598
-1.57913266694435
-1.17411312924764
-1.27325444368905
-1.7655536076709
-2.05452713647452
-2.04105863248583
-1.62804675048752
-2.6137059224061
1.02960073056667
1.79541393988366
0.319419207531662
-0.290516280045471
-0.829418901855959
-0.600791616988564
-0.311540703040744
0.406845511911704
-0.214033835819517
-0.768566330023043
-0.56032396466898
-0.902011366991206
-0.926727332165284
-1.32148403056429
0.661626170091242
0.982864600201174
0.693280463093016
0.125330872399784
-0.431950973281195
0.493896958562352
0.432088273729378
-0.225082185738679
0.264626727384202
-0.0162935168145967
0.563261050737291
0.12980793814976
0.262198051889372
-0.573119737948333
0.348171243018431
0.940497954907356
-0.646517329119647
0.112815525128093
0.220107820394013
0.0407308648032526
0.766527709022046
0.431027115328015
-0.166852496733946
0.757057759697474
1.71864048861415
1.81459617732303
0.466242857885268
0.666353252631986
0.488376333352616
0.495710096141918
-0.483015592659814
0.99501578780159
0.565557571007565
0.751529749225622
-0.0416667475080394
0.453904691163044
0.151059336835537
1.49791163857491
1.85542893303237
1.62791644093553
1.32080799403205
0.836481543010809
0.648777752878453
0.129628656367054
0.178372619603316
0.139142186392646
0.642568284856998
0.288959887989338
-0.0388896630718901
1.30015077012938
1.49848067685512
1.08013204780873
1.56493259740245
2.08710915641204
1.51245759094826
0.729922830435467
-1.14061930151933
-0.42840781438843
0.68936836042728
0.406591190485992
0.365801435682356
0.0626886084202847
-0.199533078543406
0.0735164825357654
0.920273210101595
1.746664000391
1.73394454354409
1.23565932051458
0.445813268638453
0.531032045526853
-0.968858955947107
-0.656745954919856
0.93829470857063
-0.494879646577092
0.966166135796136
-0.187216281702954
-2.01981076710602
-1.29670338764676
-0.299698035985987
0.0600779973972545
0.420535084041595
0.0342375312015175
0.415583225812402
-0.0473299724625919
